# Blender v2.79 (sub 0) OBJ File: ''
# www.blender.org
mtllib stone_special.mtl
o stone_special
v -0.360691 0.723816 0.238603
v -0.523271 0.558274 0.470629
v -0.878754 0.907396 0.470629
v -0.716174 1.072938 0.238602
v -0.898805 0.175897 0.470629
v -1.061385 0.010354 0.238602
v -1.416868 0.359476 0.238602
v -1.254288 0.525019 0.470629
v -0.523270 0.558274 -0.529370
v -0.360690 0.723816 -0.297343
v -0.716174 1.072938 -0.297344
v -0.878754 0.907396 -0.529371
v -1.061385 0.010354 -0.297344
v -0.898805 0.175897 -0.529371
v -1.254288 0.525019 -0.529371
v -1.416868 0.359476 -0.297344
v 0.042798 0.723816 0.301949
v 0.274825 0.558274 0.464529
v 0.274825 0.907396 0.820013
v 0.042798 1.072938 0.657433
v 0.274825 0.175897 0.840064
v 0.042798 0.010354 1.002644
v 0.042798 0.359476 1.358127
v 0.274825 0.525019 1.195547
v -0.725175 0.558274 0.464529
v -0.493148 0.723816 0.301949
v -0.493148 1.072938 0.657433
v -0.725175 0.907396 0.820013
v -0.493148 0.010354 1.002643
v -0.725175 0.175897 0.840063
v -0.725175 0.525019 1.195547
v -0.493148 0.359476 1.358127
v 0.213837 0.723816 -0.116225
v 0.376417 0.558273 -0.348252
v 0.731901 0.907396 -0.348252
v 0.569321 1.072938 -0.116225
v 0.751952 0.175897 -0.348252
v 0.914532 0.010354 -0.116225
v 1.270015 0.359476 -0.116225
v 1.107435 0.525019 -0.348252
v 0.376417 0.558274 0.651748
v 0.213837 0.723816 0.419721
v 0.569321 1.072938 0.419721
v 0.731901 0.907396 0.651748
v 0.914532 0.010354 0.419721
v 0.751952 0.175897 0.651748
v 1.107435 0.525019 0.651748
v 1.270015 0.359476 0.419721
v -0.267973 0.723816 -0.262789
v -0.500000 0.558274 -0.425368
v -0.500000 0.907396 -0.780852
v -0.267973 1.072938 -0.618272
v -0.500000 0.175897 -0.800903
v -0.267973 0.010354 -0.963483
v -0.267973 0.359476 -1.318966
v -0.500000 0.525019 -1.156386
v 0.500000 0.558273 -0.425368
v 0.267973 0.723816 -0.262789
v 0.267973 1.072938 -0.618272
v 0.500000 0.907396 -0.780852
v 0.267973 0.010354 -0.963483
v 0.500000 0.175897 -0.800903
v 0.500000 0.525019 -1.156386
v 0.267973 0.359476 -1.318966
v -0.267973 0.001748 0.500000
v -0.500000 0.001748 0.267973
v -0.500000 0.500000 0.267973
v -0.267973 0.500000 0.500000
v -0.500000 0.001748 -0.267973
v -0.267973 0.001748 -0.500000
v -0.267973 0.500000 -0.500000
v -0.500000 0.500000 -0.267973
v 0.500000 0.001748 0.267973
v 0.267973 0.001748 0.500000
v 0.267973 0.500000 0.500000
v 0.500000 0.500000 0.267973
v 0.267973 0.001748 -0.500000
v 0.500000 0.001748 -0.267973
v 0.500000 0.500000 -0.267973
v 0.267973 0.500000 -0.500000
vn 0.7007 0.7135 0.0000
vn 0.0000 -0.0000 -1.0000
vn -0.7135 0.7007 -0.0000
vn -0.7007 -0.7135 -0.0000
vn 0.4955 0.5045 0.7071
vn -0.4955 -0.5045 0.7071
vn -0.4955 -0.5045 -0.7071
vn 0.4955 0.5045 -0.7071
vn -0.0000 0.0000 1.0000
vn 0.7135 -0.7007 0.0000
vn 0.0000 0.7135 -0.7007
vn -1.0000 0.0000 -0.0000
vn -0.0000 0.7007 0.7135
vn -0.0000 -0.7135 0.7007
vn 0.7071 0.5045 -0.4955
vn 0.7071 -0.5045 0.4955
vn -0.7071 -0.5045 0.4955
vn -0.7071 0.5045 -0.4955
vn 1.0000 0.0000 0.0000
vn 0.0000 -0.7007 -0.7135
vn -0.7007 0.7135 0.0000
vn 0.7135 0.7007 0.0000
vn 0.7007 -0.7135 -0.0000
vn -0.4955 0.5045 -0.7071
vn 0.4955 -0.5045 -0.7071
vn 0.4955 -0.5045 0.7071
vn -0.4955 0.5045 0.7071
vn -0.7135 -0.7007 -0.0000
vn -0.0000 0.7135 0.7007
vn 0.0000 0.7007 -0.7135
vn 0.0000 -0.7135 -0.7007
vn -0.7071 0.5045 0.4955
vn -0.7071 -0.5045 -0.4955
vn 0.7071 -0.5045 -0.4955
vn 0.7071 0.5045 0.4955
vn -0.0000 -0.7007 0.7135
vn 0.0000 1.0000 0.0000
vn -0.7071 -0.0000 0.7071
vn -0.7071 0.0000 -0.7071
vn 0.7071 0.0000 -0.7071
vn 0.7071 -0.0000 0.7071
usemtl None
s off
f 10//1 11//1 4//1 1//1
f 14//2 15//2 12//2 9//2
f 15//3 16//3 7//3 8//3 3//3 4//3 11//3 12//3
f 6//4 7//4 16//4 13//4
f 1//5 4//5 3//5 2//5
f 7//6 6//6 5//6 8//6
f 15//7 14//7 13//7 16//7
f 11//8 10//8 9//8 12//8
f 2//9 3//9 8//9 5//9
f 2//10 5//10 6//10 13//10 14//10 9//10 10//10 1//10
f 26//11 27//11 20//11 17//11
f 30//12 31//12 28//12 25//12
f 31//13 32//13 23//13 24//13 19//13 20//13 27//13 28//13
f 22//14 23//14 32//14 29//14
f 17//15 20//15 19//15 18//15
f 23//16 22//16 21//16 24//16
f 31//17 30//17 29//17 32//17
f 27//18 26//18 25//18 28//18
f 18//19 19//19 24//19 21//19
f 18//20 21//20 22//20 29//20 30//20 25//20 26//20 17//20
f 42//21 43//21 36//21 33//21
f 46//9 47//9 44//9 41//9
f 47//22 48//22 39//22 40//22 35//22 36//22 43//22 44//22
f 38//23 39//23 48//23 45//23
f 33//24 36//24 35//24 34//24
f 39//25 38//25 37//25 40//25
f 47//26 46//26 45//26 48//26
f 43//27 42//27 41//27 44//27
f 34//2 35//2 40//2 37//2
f 34//28 37//28 38//28 45//28 46//28 41//28 42//28 33//28
f 58//29 59//29 52//29 49//29
f 62//19 63//19 60//19 57//19
f 63//30 64//30 55//30 56//30 51//30 52//30 59//30 60//30
f 54//31 55//31 64//31 61//31
f 49//32 52//32 51//32 50//32
f 55//33 54//33 53//33 56//33
f 63//34 62//34 61//34 64//34
f 59//35 58//35 57//35 60//35
f 50//12 51//12 56//12 53//12
f 50//36 53//36 54//36 61//36 62//36 57//36 58//36 49//36
f 74//9 75//9 68//9 65//9
f 78//19 79//19 76//19 73//19
f 79//37 80//37 71//37 72//37 67//37 68//37 75//37 76//37
f 70//2 71//2 80//2 77//2
f 65//38 68//38 67//38 66//38
f 71//39 70//39 69//39 72//39
f 79//40 78//40 77//40 80//40
f 75//41 74//41 73//41 76//41
f 66//12 67//12 72//12 69//12
